BR Brown 2 1 2
LB Light-blue 3 4 5 6
PK Pink 3 7 9 10
OR Orange 3 12 13 14
RD Red 3 15 16 17
YW Yellow 3 19 20 22
GR Green 3 23 24 25
DB Dark-blue 2 27 28
UT Utility 2 8 21
RR Railroad 4 3 11 18 26

1
Mediterranean Avenue
BR 2 60
2 4 10 30 90 160 250 50 50 30

2
Baltic Avenue
BR 2 60
4 8 20 60 180 320 450 50 50 30

3
Reading Railroad
RR 4 200
25 50 100 200 100

4
Oriental Avenue
LB 3 100
6 12 30 90 270 400 550 50 50 50

5
Vermont Avenue
LB 3 100
6 12 30 90 270 400 550 50 50 50

6
Connecticut Avenue
LB 3 120
8 16 40 100 300 450 600 50 50 60

7
St. Charles Place
PK 3 140
10 20 50 150 450 625 750 100 100 70

8
Electric Company
UT 2 150
4 10 75

9
States Avenue
PK 3 140
10 20 50 150 450 625 750 100 100 70

10
Virginia Avenue
PK 3 160
12 24 60 180 500 700 900 100 100 80

11
Pennsylvania Railroad
RR 4 200
25 50 100 200 100

12
St. James Place
OR 3 180
14 28 70 200 550 750 950 100 100 90

13
Tennessee Avenue
OR 3 180
14 28 70 200 550 750 950 100 100 90

14
New York Avenue
OR 3 200
16 32 80 220 600 800 1000 100 100 100

15
Kentucky Avenue
RD 3 220
18 36 90 250 700 875 1050 150 150 110

16
Indiana Avenue
RD 3 220
18 36 90 250 700 875 1050 150 150 110

17
Illinois Avenue
RD 3 240
20 40 100 300 750 925 1100 150 150 120

18
B. & O. Railroad
RR 4 200
25 50 100 200 100

19
Atlantic Avenue
YW 3 260
22 44 110 330 800 975 1150 150 150 130

20
Ventnor Avenue
YW 3 260
22 44 110 330 800 975 1150 150 150 130

21
Water Works
UT 2 150
4 10 75

22
Marvin Gardens
YW 3 280
24 48 120 360 850 1025 1200 150 150 140

23
Pacific Avenue
GR 3 300
26 52 130 390 900 1100 1275 200 200 150

24
North Carolina Avenue
GR 3 300
26 52 130 390 900 1100 1275 200 200 150

25
Pennsylvania Avenue
GR 3 320
28 56 150 450 1000 1200 1400 200 200 160

26
Short Line
RR 4 200
25 50 100 200 100

27
Park Place
DB 2 350
35 70 175 500 1100 1300 1500 200 200 175

28
Boardwalk
DB 2 400
50 100 200 600 1500 1700 2000 200 200 200